initial_yaw : -2.84033
initial_pitch : 0
initial_roll : 0
initial_position_x : 379442.377295514
initial_position_y : 6674315.75256138
initial_position_z : 0
